=== sondes.csv ===
type,ms,lat,lon,depth,heading
I,0,38.53232193,-121.69281006,-0.9144,270.00
S,151464,38.53231812,-121.69283295,-0.9144,
S,476920,38.53231430,-121.69287109,-1.2192,
S,672336,38.53231812,-121.69288635,-1.5240,
S,713616,38.53231049,-121.69289398,-1.5240,
S,774741,38.53231812,-121.69290161,-1.5240,


=== ticks.csv ===
ms,steer,hammer,dt
27756,0x04,1,15.000
49756,0x04,1,15.000
71756,0x04,1,15.000
93756,0x04,1,15.000
115756,0x04,1,15.000
137756,0x04,1,15.000
159756,0x04,1,15.000
181756,0x08,1,15.000
203756,0x08,1,15.000
225756,0x08,1,15.000
247756,0x08,1,15.000
269756,0x08,1,15.000
291756,0x08,1,15.000
313756,0x08,1,15.000
335756,0x08,1,15.000
357756,0x0A,1,15.000
379756,0x0A,1,15.000
401756,0x0A,1,15.000
423756,0x0A,1,15.000
445756,0x0A,1,15.000
467756,0x09,1,15.000
489756,0x09,1,15.000
511756,0x09,1,15.000
533756,0x09,1,15.000
555756,0x09,1,15.000
577756,0x09,1,15.000
599756,0x09,1,15.000
621756,0x09,1,15.000
643756,0x09,1,15.000
665756,0x09,1,15.000
687756,0x09,1,15.000
709756,0x09,1,15.000
731756,0x09,1,15.000
753756,0x09,1,15.000
775756,0x09,1,15.000
797756,0x08,1,15.000
819756,0x09,1,15.000
841756,0x08,1,15.000
863756,0x08,1,15.000
885756,0x08,1,15.000
896574,0x08,1,6.817
957743,0x00,1,15.000


=== imu.csv ===
ms,ax,ay,az
389,0.0087,-0.0367,-0.9995
1389,0.0082,-0.0397,-1.0013
2389,0.0085,-0.0386,-0.9999
3389,0.0139,-0.0345,-1.0000
4389,0.0136,-0.0316,-1.0014
5388,0.0129,-0.0318,-0.9999
6389,0.0125,-0.0351,-0.9981
7389,0.0118,-0.0341,-0.9982
8388,0.0127,-0.0348,-0.9985
9388,0.0102,-0.0379,-0.9984
24756,0.0073,-0.0417,-0.9983
25755,0.0153,-0.0378,-0.9984
26756,0.0161,-0.0315,-1.0012
27755,0.0110,-0.0328,-0.9996
28755,0.0114,-0.0336,-0.9981
29755,0.0108,-0.0355,-0.9995
30756,0.0118,-0.0382,-0.9973
31755,0.0123,-0.0392,-0.9980
46780,0.0107,-0.0391,-1.0029
47780,0.0145,-0.0356,-0.9991
48780,0.0079,-0.0314,-1.0054
49780,0.0096,-0.0317,-0.9999
50779,0.0041,-0.0363,-1.0028
51780,0.0087,-0.0357,-0.9999
52779,0.0084,-0.0391,-0.9993
68756,0.0049,-0.0404,-1.0012
69755,0.0092,-0.0381,-1.0004
70756,0.0102,-0.0330,-1.0033
71755,0.0130,-0.0364,-0.9988
72756,0.0070,-0.0342,-1.0008
73755,0.0074,-0.0375,-1.0004
74756,0.0103,-0.0381,-0.9993
75755,0.0097,-0.0359,-1.0012
90780,0.0176,-0.0386,-0.9961
91779,0.0178,-0.0369,-0.9978
92780,0.0179,-0.0326,-0.9979
93779,0.0120,-0.0312,-1.0000
94779,0.0143,-0.0334,-0.9972
95780,0.0115,-0.0363,-0.9997
96779,0.0076,-0.0393,-0.9990
112756,0.0130,-0.0386,-0.9976
113756,0.0115,-0.0352,-1.0013
114756,0.0132,-0.0322,-1.0007
115755,0.0125,-0.0335,-1.0016
116756,0.0142,-0.0346,-0.9965
117756,0.0079,-0.0378,-1.0010
118755,0.0086,-0.0394,-0.9996
119755,0.0110,-0.0403,-0.9979
134780,0.0190,-0.0430,-0.9927
135779,0.0126,-0.0345,-1.0009
136779,0.0118,-0.0325,-1.0027
137780,0.0103,-0.0323,-1.0014
138780,0.0132,-0.0347,-0.9976
139780,0.0124,-0.0396,-0.9970
140779,0.0084,-0.0392,-1.0001
156756,0.0151,-0.0381,-0.9973
157755,0.0118,-0.0312,-1.0019
158756,0.0123,-0.0328,-0.9987
159756,0.0043,-0.0327,-1.0033
160756,0.0092,-0.0339,-0.9999
161755,0.0111,-0.0406,-0.9974
162755,0.0117,-0.0405,-0.9976
163755,0.0059,-0.0376,-1.0032
178907,0.0044,-0.0317,-1.0068
179906,0.0105,-0.0308,-1.0038
180906,0.0190,-0.0330,-0.9968
181907,0.0101,-0.0325,-0.9992
182906,0.0116,-0.0343,-0.9987
183906,0.0095,-0.0374,-0.9999
184906,0.0058,-0.0384,-1.0008
200756,0.0128,-0.0393,-0.9977
201756,0.0144,-0.0333,-1.0009
202755,0.0157,-0.0331,-0.9985
203755,0.0071,-0.1172,-0.9963
204756,0.0425,-0.2634,-0.9637
205756,0.0569,-0.3275,-0.9471
206756,0.0326,-0.3723,-0.9312
207755,0.0271,-0.3774,-0.9244
222780,0.0044,-0.1606,-0.9971
223780,0.0370,-0.2288,-0.9679
224779,0.0732,-0.3531,-0.9350
225780,0.0750,-0.4167,-0.9114
226780,0.0818,-0.5567,-0.8341
227779,0.0497,-0.6255,-0.7850
228780,0.0681,-0.6338,-0.7736
244756,0.0579,-0.6335,-0.7726
245756,0.1824,-0.9764,-0.1464
246756,0.1781,-0.9811,-0.1521
247756,0.1810,-0.9786,-0.1344
248755,0.1776,-0.9797,-0.1280
249756,0.1749,-0.9776,-0.1189
250755,0.1689,-0.9809,-0.1192
251755,0.1706,-0.9789,-0.1140
266780,0.2017,-0.9712,0.2012
267779,0.1854,-0.9653,0.1868
268780,0.1839,-0.9682,0.1895
269780,0.1827,-0.9725,0.1869
270779,0.1889,-0.9674,0.2055
271780,0.1915,-0.9583,0.2079
272779,0.1916,-0.9664,0.1988
288756,0.1950,-0.9585,0.2174
289755,0.0327,-0.0228,-1.0009
290755,0.0404,-0.0226,-0.9988
291756,0.0323,-0.0182,-1.0026
292756,0.0395,-0.0220,-0.9976
293755,0.0392,-0.0228,-0.9988
294755,0.0282,-0.0203,-1.0022
295755,0.0379,-0.0221,-0.9989
310907,-0.1162,0.0000,-1.0010
311907,-0.1089,-0.0041,-0.9959
312907,-0.1049,-0.0032,-0.9947
313907,-0.1053,-0.0043,-0.9927
314907,-0.1044,-0.0036,-0.9944
315907,-0.1042,-0.0056,-0.9921
316907,-0.1087,-0.0042,-0.9973
332756,-0.1100,-0.0033,-0.9958
333755,-0.1101,-0.0028,-0.9960
334755,-0.1044,-0.0030,-0.9936
335755,-0.1033,-0.0053,-0.9927
336755,-0.1048,-0.0055,-0.9939
337756,-0.1048,-0.0062,-0.9944
338755,-0.1095,-0.0034,-0.9958
339756,-0.1048,-0.0057,-0.9950
354780,-0.0986,-0.0093,-0.9937
355779,-0.1051,-0.0024,-0.9932
356779,-0.1026,-0.0046,-0.9929
357779,-0.1058,-0.0053,-0.9937
358780,-0.1064,-0.0059,-0.9940
359780,-0.1024,-0.0057,-0.9951
360779,-0.1028,-0.0055,-0.9963
376756,-0.1094,-0.0032,-0.9949
377756,0.0416,-0.0092,-0.9981
378755,0.0482,-0.0104,-0.9959
379756,0.0391,-0.0112,-0.9996
380755,0.0426,-0.0105,-1.0011
381756,0.0398,-0.0087,-1.0023
382756,0.0393,-0.0075,-1.0022
383756,0.0450,-0.0095,-0.9997
398780,0.1104,-0.0142,-0.9971
399780,0.1090,-0.0098,-0.9982
400780,0.1123,-0.0130,-0.9946
401779,0.1094,-0.0135,-0.9930
402780,0.1136,-0.0142,-0.9911
403780,0.1088,-0.0141,-0.9961
404779,0.1126,-0.0136,-0.9932
420756,0.1082,-0.0120,-0.9978
421756,0.3377,0.0328,-0.9432
422756,0.3441,0.0348,-0.9373
423756,0.3580,0.0356,-0.9335
424755,0.3604,0.0337,-0.9316
425756,0.3578,0.0339,-0.9365
426756,0.3633,0.0338,-0.9329
427756,0.3646,0.0322,-0.9322
442780,0.2471,-0.0117,-0.9736
443780,0.2652,-0.0157,-0.9657
444780,0.2672,-0.0152,-0.9642
445780,0.2765,-0.0154,-0.9626
446780,0.2709,-0.0164,-0.9614
447780,0.2703,-0.0184,-0.9640
448780,0.2723,-0.0177,-0.9620
464756,0.2683,-0.0172,-0.9645
465755,0.2719,-0.0158,-0.9644
466756,0.2720,-0.0158,-0.9631
467756,0.2693,-0.0146,-0.9625
468756,0.2675,-0.0182,-0.9626
469756,0.2664,-0.0182,-0.9640
470756,0.2769,-0.0182,-0.9619
471755,0.2701,-0.0168,-0.9649
486780,0.2842,-0.0156,-0.9624
487779,0.2736,-0.0137,-0.9651
488780,0.2750,-0.0168,-0.9604
489780,0.2678,-0.0181,-0.9614
490780,0.2694,-0.0177,-0.9608
491779,0.2717,-0.0182,-0.9630
492779,0.2680,-0.0165,-0.9668
508756,0.2731,-0.0167,-0.9641
509755,0.2737,-0.0151,-0.9610
510755,0.2734,-0.0172,-0.9598
511756,0.2678,-0.0198,-0.9631
512755,0.2615,-0.0168,-0.9656
513755,0.2642,-0.0156,-0.9675
514756,0.2758,-0.0153,-0.9617
515755,0.2715,-0.0156,-0.9621
530780,0.0566,-0.0239,-1.0000
531780,0.0422,-0.0214,-0.9979
532780,0.0418,-0.0240,-0.9996
533779,0.0303,-0.0210,-0.9972
534780,0.0381,-0.0219,-0.9999
535780,0.0423,-0.0201,-1.0003
536779,0.0426,-0.0220,-0.9970
552756,0.0414,-0.0206,-0.9982
553756,0.0426,-0.0219,-0.9990
554756,0.0375,-0.0224,-0.9992
555755,0.0363,-0.0217,-0.9994
556756,0.0427,-0.0213,-1.0002
557756,0.0453,-0.0200,-1.0007
558756,0.0445,-0.0218,-0.9991
559756,0.0389,-0.0220,-0.9980
574780,0.0493,-0.0234,-0.9976
575780,0.0415,-0.0229,-0.9985
576780,0.0316,-0.0215,-0.9998
577780,0.0421,-0.0232,-1.0012
578780,0.0388,-0.0202,-0.9997
579780,0.0453,-0.0199,-0.9984
580779,0.0430,-0.0210,-0.9963
596756,0.0440,-0.0216,-0.9975
597756,0.0431,-0.0232,-0.9979
598755,0.0416,-0.0225,-1.0006
599756,0.0403,-0.0222,-1.0020
600756,0.0376,-0.0209,-0.9990
601755,0.0386,-0.0195,-0.9986
602756,0.0483,-0.0207,-0.9987
603755,0.0431,-0.0201,-0.9984
618905,0.0410,-0.0249,-0.9990
619905,0.0367,-0.0223,-0.9997
620904,0.0421,-0.0225,-1.0005
621905,0.0412,-0.0209,-1.0010
622904,0.0322,-0.0192,-0.9993
623904,0.0427,-0.0206,-1.0008
624904,0.0405,-0.0190,-1.0001
640756,0.0446,-0.0223,-0.9979
641756,0.0404,-0.0218,-0.9962
642755,0.0442,-0.0236,-0.9985
643756,0.0400,-0.0223,-1.0005
644756,0.0391,-0.0216,-0.9999
645755,0.0382,-0.0184,-1.0007
646755,0.0465,-0.0208,-0.9994
647755,0.0419,-0.0187,-0.9975
662780,0.0244,-0.0195,-0.9956
663780,0.0399,-0.0209,-0.9968
664779,0.0375,-0.0233,-1.0001
665780,0.0387,-0.0220,-0.9996
666780,0.0403,-0.0203,-1.0006
667779,0.0408,-0.0192,-0.9999
668780,0.0388,-0.0185,-0.9987
684756,0.0466,-0.0215,-0.9991
685756,0.0420,-0.0219,-0.9998
686756,0.0399,-0.0235,-1.0003
687755,0.0356,-0.0214,-0.9995
688756,0.0342,-0.0196,-0.9995
689756,0.0414,-0.0191,-1.0003
690756,0.0466,-0.0201,-0.9980
691756,0.0387,-0.0222,-0.9991
706780,0.0571,-0.0239,-0.9995
707779,0.0421,-0.0220,-0.9983
708780,0.0392,-0.0222,-1.0007
709780,0.0383,-0.0194,-1.0000
710780,0.0483,-0.0205,-0.9977
711780,0.0428,-0.0190,-0.9991
712780,0.0435,-0.0199,-0.9974
728756,0.0355,-0.0224,-0.9966
729756,0.0379,-0.0222,-0.9997
730755,0.0403,-0.0202,-1.0009
731755,0.0449,-0.0197,-0.9981
732756,0.0438,-0.0190,-1.0004
733756,0.0427,-0.0206,-0.9985
734755,0.0446,-0.0241,-1.0000
735755,0.0402,-0.0226,-1.0001
750907,0.0454,-0.0220,-1.0015
751907,0.0404,-0.0205,-1.0001
752906,0.0460,-0.0226,-1.0005
753907,0.0435,-0.0199,-0.9996
754907,0.0353,-0.0195,-0.9981
755906,0.0425,-0.0224,-0.9982
756907,0.0372,-0.0230,-1.0003
772756,0.0412,-0.0223,-1.0017
773755,0.0446,-0.0208,-1.0001
774755,0.0507,-0.0203,-1.0010
775755,0.0423,-0.0203,-0.9961
776756,0.0425,-0.0204,-0.9979
777755,0.0394,-0.0216,-0.9979
778755,0.0405,-0.0229,-1.0002
779755,0.0497,-0.0248,-0.9999
794780,0.0596,-0.0264,-1.0029
795780,0.0392,-0.0244,-0.9997
796779,0.0404,-0.0218,-1.0011
797779,0.0424,-0.0186,-0.9995
798779,0.0527,-0.0220,-0.9971
799780,0.0356,-0.0222,-0.9985
800780,0.0444,-0.0231,-0.9990
816756,0.0405,-0.0212,-1.0010
817756,0.0447,-0.0237,-1.0005
818756,0.0373,-0.0206,-0.9992
819755,0.0424,-0.0199,-0.9987
820756,0.0409,-0.0223,-0.9971
821756,0.0306,-0.0211,-0.9987
822756,0.0428,-0.0227,-1.0001
823755,0.0380,-0.0236,-0.9980
838780,0.0562,-0.0229,-1.0063
839780,0.0415,-0.0192,-1.0011
840780,0.0402,-0.0190,-1.0016
841780,0.0444,-0.0203,-0.9994
842780,0.0356,-0.0208,-0.9957
843779,0.0371,-0.0226,-0.9982
844780,0.0358,-0.0218,-1.0006
860756,0.0401,-0.0228,-1.0005
861756,0.0454,-0.0223,-1.0034
862756,0.0432,-0.0198,-0.9990
863756,0.0424,-0.0197,-0.9987
864755,0.0475,-0.0215,-0.9984
865756,0.0404,-0.0228,-0.9984
866755,0.0401,-0.0240,-0.9999
867756,0.0400,-0.0231,-1.0002
882780,0.0298,-0.0239,-0.9976
883780,0.0345,-0.0208,-1.0008
884780,0.0453,-0.0195,-0.9993
885779,0.0402,-0.0213,-0.9980
886780,0.0385,-0.0219,-0.9984
887780,0.0411,-0.0214,-1.0000
888780,0.0391,-0.0236,-0.9989
896574,0.0369,-0.0197,-0.9995
897574,0.0425,-0.0207,-1.0001
898574,0.0469,-0.0202,-0.9994
899573,0.0410,-0.0189,-0.9977
900573,0.0444,-0.0201,-0.9964
901574,0.0418,-0.0219,-0.9975
902574,0.0413,-0.0239,-0.9992
903574,0.0389,-0.0214,-1.0000
904574,0.0430,-0.0218,-1.0022
905574,0.0446,-0.0208,-1.0002
906574,0.0460,-0.0199,-0.9992
907574,0.0451,-0.0223,-0.9981
908574,0.0419,-0.0236,-0.9985
909574,0.0403,-0.0231,-1.0001
910573,0.0400,-0.0217,-1.0007
911574,0.0375,-0.0197,-0.9983
912573,0.0486,-0.0208,-0.9993
913573,0.0461,-0.0201,-0.9996
914574,0.0413,-0.0215,-0.9984
915574,0.0403,-0.0228,-0.9995
916573,0.0414,-0.0229,-1.0012
917574,0.0422,-0.0220,-1.0003
918573,0.0423,-0.0204,-0.9986
919573,0.0462,-0.0203,-0.9971
920574,0.0506,-0.0198,-0.9976
921573,0.0417,-0.0194,-0.9991
922574,0.0425,-0.0228,-0.9989
923573,0.0360,-0.0232,-1.0003
924574,0.0302,-0.0216,-0.9988
925574,0.0427,-0.0215,-0.9996
926574,0.0368,-0.0197,-0.9997
927573,0.0460,-0.0207,-1.0007
928574,0.0460,-0.0194,-0.9970
929574,0.0385,-0.0225,-0.9973
930574,0.0451,-0.0222,-1.0002
931573,0.0432,-0.0231,-0.9994
931952,0.0407,-0.0194,-0.9992
932953,0.0436,-0.0227,-0.9980
933953,0.0393,-0.0233,-0.9998
934953,0.0431,-0.0231,-1.0006
935952,0.0408,-0.0234,-1.0020
936953,0.0393,-0.0207,-1.0006
937953,0.0468,-0.0190,-1.0001
938953,0.0449,-0.0208,-0.9970
954743,0.0367,-0.0185,-0.9986
955742,0.0374,-0.0236,-0.9981
956742,0.0384,-0.0231,-0.9999
957742,0.0369,-0.0233,-1.0016
958743,0.0419,-0.0205,-1.0010
959742,0.0453,-0.0200,-0.9990
960742,0.0431,-0.0188,-0.9981


=== relays.csv ===
ms,relayState,worldSteer,source
5756,0xF1,0x00,0
8756,0xF5,0x00,0
9756,0xFD,0x00,0
19058,0x8D,0x04,0
24756,0x85,0x04,0
25756,0x80,0x04,0
27756,0x82,0x04,0
27756,0x81,0x04,0
30756,0x85,0x04,0
31756,0x8D,0x04,0
46756,0x85,0x04,0
47756,0x80,0x04,0
49756,0x82,0x04,0
49756,0x81,0x04,0
52756,0x85,0x04,0
53756,0x8D,0x04,0
68756,0x85,0x04,0
69756,0x80,0x04,0
71756,0x82,0x04,0
71756,0x81,0x04,0
74756,0x85,0x04,0
75756,0x8D,0x04,0
90756,0x85,0x04,0
91756,0x80,0x04,0
93756,0x82,0x04,0
93756,0x81,0x04,0
96756,0x85,0x04,0
97756,0x8D,0x04,0
112756,0x85,0x04,0
113756,0x80,0x04,0
115756,0x82,0x04,0
115756,0x81,0x04,0
118756,0x85,0x04,0
119756,0x8D,0x04,0
134756,0x95,0x04,0
135756,0x90,0x04,0
137756,0x92,0x04,0
137756,0x91,0x04,0
140756,0x95,0x04,0
141756,0x9D,0x04,0
156756,0x95,0x04,0
157756,0x90,0x04,0
159756,0x92,0x04,0
159756,0x91,0x04,0
162756,0x95,0x04,0
163756,0x9D,0x04,0
170535,0xFD,0x00,0
170731,0x6D,0x08,0
178756,0x65,0x08,0
179756,0x60,0x08,0
181756,0x62,0x08,0
181756,0x61,0x08,0
184756,0x65,0x08,0
185756,0x6D,0x08,0
200756,0x65,0x08,0
201756,0x60,0x08,0
203756,0x62,0x08,0
203756,0x61,0x08,0
206756,0x65,0x08,0
207756,0x6D,0x08,0
222756,0x65,0x08,0
223756,0x60,0x08,0
225756,0x62,0x08,0
225756,0x61,0x08,0
228756,0x65,0x08,0
229756,0x6D,0x08,0
244756,0x65,0x08,0
245756,0x60,0x08,0
247756,0x62,0x08,0
247756,0x61,0x08,0
250756,0x65,0x08,0
251756,0x6D,0x08,0
266756,0x65,0x08,0
266780,0xC5,0x08,0
267756,0xC0,0x08,0
269756,0xC2,0x08,0
269756,0xC1,0x08,0
272756,0xC5,0x08,0
273756,0xCD,0x08,0
288756,0xC5,0x08,0
289755,0x65,0x08,0
289756,0x60,0x08,0
291756,0x62,0x08,0
291756,0x61,0x08,0
294756,0x65,0x08,0
295756,0x6D,0x08,0
310756,0x65,0x08,0
311756,0x60,0x08,0
313756,0x62,0x08,0
313756,0x61,0x08,0
316756,0x65,0x08,0
317756,0x6D,0x08,0
332756,0x65,0x08,0
333756,0x60,0x08,0
335756,0x62,0x08,0
335756,0x61,0x08,0
335758,0x31,0x0A,0
338756,0x35,0x0A,0
339756,0x3D,0x0A,0
354756,0x35,0x0A,0
355756,0x30,0x0A,0
357756,0x32,0x0A,0
357756,0x31,0x0A,0
360756,0x35,0x0A,0
361756,0x3D,0x0A,0
376756,0x35,0x0A,0
377756,0x30,0x0A,0
379756,0x32,0x0A,0
379756,0x31,0x0A,0
382756,0x35,0x0A,0
383756,0x3D,0x0A,0
398756,0x35,0x0A,0
399756,0x30,0x0A,0
401756,0x32,0x0A,0
401756,0x31,0x0A,0
404756,0x35,0x0A,0
405756,0x3D,0x0A,0
420756,0x35,0x0A,0
421756,0x30,0x0A,0
423756,0x32,0x0A,0
423756,0x31,0x0A,0
426756,0x35,0x0A,0
427756,0x3D,0x0A,0
442756,0x35,0x0A,0
443756,0x30,0x0A,0
445756,0x32,0x0A,0
445756,0x31,0x0A,0
445758,0x61,0x09,0
448756,0x65,0x09,0
449756,0x6D,0x09,0
464756,0x65,0x09,0
465756,0x60,0x09,0
467756,0x62,0x09,0
467756,0x61,0x09,0
470756,0x65,0x09,0
471756,0x6D,0x09,0
486756,0x65,0x09,0
487756,0x60,0x09,0
489756,0x62,0x09,0
489756,0x61,0x09,0
492756,0x65,0x09,0
493756,0x6D,0x09,0
508756,0x65,0x09,0
509756,0x60,0x09,0
511756,0x62,0x09,0
511756,0x61,0x09,0
514756,0x65,0x09,0
515756,0x6D,0x09,0
530756,0x65,0x09,0
531756,0x60,0x09,0
533756,0x62,0x09,0
533756,0x61,0x09,0
536756,0x65,0x09,0
537756,0x6D,0x09,0
552756,0x65,0x09,0
553756,0x60,0x09,0
555756,0x62,0x09,0
555756,0x61,0x09,0
558756,0x65,0x09,0
559756,0x6D,0x09,0
574756,0x65,0x09,0
575756,0x60,0x09,0
577756,0x62,0x09,0
577756,0x61,0x09,0
580756,0x65,0x09,0
581756,0x6D,0x09,0
596756,0x65,0x09,0
597756,0x60,0x09,0
599756,0x62,0x09,0
599756,0x61,0x09,0
602756,0x65,0x09,0
603756,0x6D,0x09,0
618756,0x65,0x09,0
619756,0x60,0x09,0
621756,0x62,0x09,0
621756,0x61,0x09,0
624756,0x65,0x09,0
625756,0x6D,0x09,0
640756,0x65,0x09,0
641756,0x60,0x09,0
643756,0x62,0x09,0
643756,0x61,0x09,0
646756,0x65,0x09,0
647756,0x6D,0x09,0
662756,0x65,0x09,0
663756,0x60,0x09,0
665756,0x62,0x09,0
665756,0x61,0x09,0
668756,0x65,0x09,0
669756,0x6D,0x09,0
684756,0x65,0x09,0
685756,0x60,0x09,0
687756,0x62,0x09,0
687756,0x61,0x09,0
690756,0x65,0x09,0
691756,0x6D,0x09,0
706756,0x65,0x09,0
707756,0x60,0x09,0
709756,0x62,0x09,0
709756,0x61,0x09,0
712756,0x65,0x09,0
713756,0x6D,0x09,0
728756,0x65,0x09,0
729756,0x60,0x09,0
731756,0x62,0x09,0
731756,0x61,0x09,0
734756,0x65,0x09,0
735756,0x6D,0x09,0
750756,0x65,0x09,0
751756,0x60,0x09,0
753756,0x62,0x09,0
753756,0x61,0x09,0
756756,0x65,0x09,0
757756,0x6D,0x09,0
772756,0x65,0x09,0
773756,0x60,0x09,0
775756,0x62,0x09,0
775756,0x61,0x09,0
778756,0x65,0x08,0
779756,0x6D,0x08,0
794756,0x65,0x08,0
795756,0x60,0x08,0
797756,0x62,0x08,0
797756,0x61,0x08,0
800756,0x65,0x09,0
801756,0x6D,0x09,0
816756,0x65,0x09,0
817756,0x60,0x09,0
819756,0x62,0x09,0
819756,0x61,0x09,0
822756,0x65,0x09,0
823756,0x6D,0x08,0
833949,0x3D,0x0A,0
835670,0x6D,0x09,0
838756,0x65,0x08,0
839756,0x60,0x08,0
841756,0x62,0x08,0
841756,0x61,0x08,0
844756,0x65,0x09,0
845756,0x6D,0x09,0
857949,0x3D,0x0A,0
860756,0x35,0x08,0
861756,0x30,0x08,0
863756,0x32,0x08,0
863756,0x31,0x08,0
866756,0x35,0x08,0
867756,0x3D,0x08,0
882756,0x35,0x08,0
883756,0x30,0x0A,0
885756,0x32,0x08,0
885756,0x31,0x08,0
888756,0x35,0x08,0
889756,0x3D,0x08,0
896573,0x30,0x08,0
935743,0x31,0x08,0
937697,0xF1,0x00,0
938743,0xF5,0x00,0
939743,0xFD,0x00,0
954743,0xF5,0x00,0
955743,0xF0,0x00,0
957743,0xF2,0x00,0
957743,0xF1,0x00,0
960743,0xF5,0x00,0


=== analogIn.csv ===
ms,voltage
1,0.000
1001,0.000
2001,0.000
3001,0.000
4001,0.000
5001,0.000
6001,0.000
7001,0.000
8001,0.000
9001,0.000
10001,0.000
11001,0.000
12001,0.000
13001,0.000
14001,0.000
15001,0.000
16001,0.000
17001,0.000
18001,0.000
19001,0.000
20001,0.000
21001,0.000
22001,0.000
23001,0.000
24001,0.000
25001,0.000
26001,0.000
27001,0.000
28001,0.000
29001,0.000
30001,0.000
31001,0.000
32001,0.000
33001,0.000
34001,0.000
35001,0.000
36001,0.000
37001,0.000
38001,0.000
39001,0.000
40001,0.000
41001,0.000
42001,0.000
43001,0.000
44001,0.000
45001,0.000
46001,0.000
47001,0.000
48001,0.000
49001,0.000
50001,0.000
51001,0.000
52001,0.000
53001,0.000
54001,0.000
55001,0.000
56001,0.000
57001,0.000
58001,0.000
59001,0.000
60001,0.000
61001,0.000
62001,0.000
63001,0.000
64001,0.000
65001,0.000
66001,0.000
67001,0.000
68001,0.000
69001,0.000
70001,0.000
71001,0.000
72001,0.000
73001,0.000
74001,0.000
75001,0.000
76001,0.000
77001,0.000
78001,0.000
79001,0.000
80001,0.000
81001,0.000
82001,0.000
83001,0.000
84001,0.000
85001,0.000
86001,0.000
87001,0.000
88001,0.000
89001,0.000
90001,0.000
91001,0.000
92001,0.000
93001,0.000
94001,0.000
95001,0.000
96001,0.000
97001,0.000
98001,0.000
99001,0.000
100001,0.000
101001,0.000
102001,0.000
103001,0.000
104001,0.000
105001,0.000
106001,0.000
107001,0.000
108001,0.000
109001,0.000
110001,0.000
111001,0.000
112001,0.000
113001,0.000
114001,0.000
115001,0.000
116001,0.000
117001,0.000
118001,0.000
119001,0.000
120001,0.000
121001,0.000
122001,0.000
123001,0.000
124001,0.000
125002,0.000
126002,0.000
127002,0.000
128002,0.000
129002,0.000
130002,0.000
131002,0.000
132002,0.000
133002,0.000
134002,0.000
135002,0.000
136002,0.000
137002,0.000
138002,0.000
139002,0.000
140002,0.000
141002,0.000
142002,0.000
143002,0.000
144002,0.000
145002,0.000
146002,0.000
147002,0.000
148002,0.000
149002,0.000
150002,0.000
151002,0.000
152002,0.000
153002,0.000
154002,0.000
155002,0.000
156002,0.000
157002,0.000
158002,0.000
159002,0.000
160002,0.000
161002,0.000
162002,0.000
163002,0.000
164002,0.000
165002,0.000
166002,0.000
167002,0.000
168002,0.000
169002,0.000
170002,0.000
171002,0.000
172002,0.000
173002,0.000
174002,0.000
175002,0.000
176002,0.000
177002,0.000
178002,0.000
179002,0.000
180002,0.000
181002,0.000
182002,0.000
183002,0.000
184002,0.000
185002,0.000
186002,0.000
187002,0.000
188002,0.000
189002,0.000
190002,0.000
191002,0.000
192002,0.000
193002,0.000
194002,0.000
195002,0.000
196002,0.000
197002,0.000
198002,0.000
199002,0.000
200002,0.000
201002,0.000
202002,0.000
203002,0.000
204002,0.000
205002,0.000
206002,0.000
207002,0.000
208002,0.000
209002,0.000
210002,0.000
211002,0.000
212002,0.000
213002,0.000
214002,0.000
215002,0.000
216002,0.000
217002,0.000
218002,0.000
219002,0.000
220002,0.000
221002,0.000
222002,0.000
223002,0.000
224002,0.000
225002,0.000
226002,0.000
227002,0.000
228002,0.000
229002,0.000
230002,0.000
231002,0.000
232002,0.000
233002,0.000
234002,0.000
235002,0.000
236002,0.000
237002,0.000
238002,0.000
239002,0.000
240002,0.000
241002,0.000
242002,0.000
243002,0.000
244002,0.000
245002,0.000
246002,0.000
247002,0.000
248002,0.000
249002,0.000
250002,0.000
251002,0.000
252002,0.000
253002,0.000
254002,0.000
255002,0.000
256002,0.000
257002,0.000
258002,0.000
259002,0.000
260002,0.000
261002,0.000
262002,0.000
263002,0.000
264002,0.000
265002,0.000
266002,0.000
267002,0.000
268002,0.000
269002,0.000
270002,0.000
271002,0.000
272002,0.000
273002,0.000
274002,0.000
275002,0.000
276002,0.000
277002,0.000
278002,0.000
279002,0.000
280002,0.000
281002,0.000
282002,0.000
283002,0.000
284002,0.000
285002,0.000
286002,0.000
287002,0.000
288002,0.000
289002,0.000
290002,0.000
291002,0.000
292002,0.000
293002,0.000
294002,0.000
295002,0.000
296002,0.000
297002,0.000
298002,0.000
299002,0.000
300002,0.000
301002,0.000
302002,0.000
303002,0.000
304002,0.000
305002,0.000
306002,0.000
307002,0.000
308002,0.000
309002,0.000
310002,0.000
311002,0.000
312002,0.000
313002,0.000
314002,0.000
315002,0.000
316002,0.000
317002,0.000
318002,0.000
319002,0.000
320002,0.000
321002,0.000
322002,0.000
323002,0.000
324002,0.000
325002,0.000
326002,0.000
327002,0.000
328002,0.000
329002,0.000
330002,0.000
331002,0.000
332002,0.000
333002,0.000
334002,0.000
335002,0.000
336002,0.000
337002,0.000
338002,0.000
339002,0.000
340002,0.000
341002,0.000
342002,0.000
343002,0.000
344002,0.000
345002,0.000
346002,0.000
347002,0.000
348002,0.000
349002,0.000
350002,0.000
351002,0.000
352002,0.000
353002,0.000
354002,0.000
355002,0.000
356002,0.000
357002,0.000
358002,0.000
359002,0.000
360002,0.000
361002,0.000
362002,0.000
363002,0.000
364002,0.000
365002,0.000
366002,0.000
367002,0.000
368002,0.000
369002,0.000
370002,0.000
371002,0.000
372002,0.000
373002,0.000
374002,0.000
375002,0.000
376002,0.000
377002,0.000
378002,0.000
379002,0.000
380002,0.000
381002,0.000
382002,0.000
383002,0.000
384002,0.000
385002,0.000
386002,0.000
387002,0.000
388002,0.000
389002,0.000
390002,0.000
391002,0.000
392002,0.000
393002,0.000
394002,0.000
395002,0.000
396002,0.000
397002,0.000
398002,0.000
399002,0.000
400002,0.000
401002,0.000
402002,0.000
403002,0.000
404002,0.000
405002,0.000
406002,0.000
407002,0.000
408002,0.000
409002,0.000
410002,0.000
411002,0.000
412002,0.000
413002,0.000
414002,0.000
415002,0.000
416002,0.000
417002,0.000
418002,0.000
419002,0.000
420002,0.000
421002,0.000
422002,0.000
423002,0.000
424002,0.000
425002,0.000
426002,0.000
427002,0.000
428002,0.000
429002,0.000
430002,0.000
431002,0.000
432002,0.000
433002,0.000
434002,0.000
435002,0.000
436002,0.000
437002,0.000
438002,0.000
439002,0.000
440002,0.000
441002,0.000
442002,0.000
443002,0.000
444002,0.000
445002,0.000
446002,0.000
447002,0.000
448002,0.000
449002,0.000
450002,0.000
451002,0.000
452002,0.000
453002,0.000
454002,0.000
455002,0.000
456002,0.000
457002,0.000
458002,0.000
459002,0.000
460002,0.000
461002,0.000
462002,0.000
463002,0.000
464002,0.000
465002,0.000
466002,0.000
467002,0.000
468002,0.000
469002,0.000
470002,0.000
471002,0.000
472002,0.000
473002,0.000
474002,0.000
475002,0.000
476002,0.000
477002,0.000
478002,0.000
479002,0.000
480002,0.000
481002,0.000
482002,0.000
483002,0.000
484002,0.000
485002,0.000
486002,0.000
487002,0.000
488002,0.000
489003,0.000
490003,0.000
491003,0.000
492003,0.000
493003,0.000
494003,0.000
495003,0.000
496003,0.000
497003,0.000
498003,0.000
499003,0.000
500003,0.000
501003,0.000
502003,0.000
503003,0.000
504003,0.000
505003,0.000
506003,0.000
507003,0.000
508003,0.000
509003,0.000
510003,0.000
511003,0.000
512003,0.000
513003,0.000
514003,0.000
515003,0.000
516003,0.000
517003,0.000
518003,0.000
519003,0.000
520003,0.000
521003,0.000
522003,0.000
523003,0.000
524003,0.000
525003,0.000
526003,0.000
527003,0.000
528003,0.000
529003,0.000
530003,0.000
531003,0.000
532003,0.000
533003,0.000
534003,0.000
535003,0.000
536003,0.000
537003,0.000
538003,0.000
539003,0.000
540003,0.000
541003,0.000
542003,0.000
543003,0.000
544003,0.000
545003,0.000
546003,0.000
547003,0.000
548003,0.000
549003,0.000
550003,0.000
551003,0.000
552003,0.000
553003,0.000
554003,0.000
555003,0.000
556003,0.000
557003,0.000
558003,0.000
559003,0.000
560003,0.000
561003,0.000
562003,0.000
563003,0.000
564003,0.000
565003,0.000
566003,0.000
567003,0.000
568003,0.000
569003,0.000
570003,0.000
571003,0.000
572003,0.000
573003,0.000
574003,0.000
575003,0.000
576003,0.000
577003,0.000
578003,0.000
579003,0.000
580003,0.000
581003,0.000
582003,0.000
583003,0.000
584003,0.000
585003,0.000
586003,0.000
587003,0.000
588003,0.000
589003,0.000
590003,0.000
591003,0.000
592003,0.000
593003,0.000
594003,0.000
595003,0.000
596003,0.000
597003,0.000
598003,0.000
599003,0.000
600003,0.000
601003,0.000
602003,0.000
603003,0.000
604003,0.000
605003,0.000
606003,0.000
607003,0.000
608003,0.000
609003,0.000
610003,0.000
611003,0.000
612003,0.000
613003,0.000
614003,0.000
615003,0.000
616003,0.000
617003,0.000
618003,0.000
619003,0.000
620003,0.000
621003,0.000
622003,0.000
623003,0.000
624003,0.000
625003,0.000
626003,0.000
627003,0.000
628003,0.000
629003,0.000
630003,0.000
631003,0.000
632003,0.000
633003,0.000
634003,0.000
635003,0.000
636003,0.000
637003,0.000
638003,0.000
639003,0.000
640003,0.000
641003,0.000
642003,0.000
643003,0.000
644003,0.000
645003,0.000
646003,0.000
647003,0.000
648003,0.000
649003,0.000
650003,0.000
651003,0.000
652003,0.000
653003,0.000
654003,0.000
655003,0.000
656003,0.000
657003,0.000
658003,0.000
659003,0.000
660003,0.000
661003,0.000
662003,0.000
663003,0.000
664003,0.000
665003,0.000
666003,0.000
667003,0.000
668003,0.000
669003,0.000
670003,0.000
671003,0.000
672003,0.000
673003,0.000
674003,0.000
675003,0.000
676003,0.000
677003,0.000
678003,0.000
679003,0.000
680003,0.000
681003,0.000
682003,0.000
683003,0.000
684003,0.000
685003,0.000
686003,0.000
687003,0.000
688003,0.000
689003,0.000
690003,0.000
691003,0.000
692003,0.000
693003,0.000
694003,0.000
695003,0.000
696003,0.000
697003,0.000
698003,0.000
699003,0.000
700003,0.000
701003,0.000
702003,0.000
703003,0.000
704003,0.000
705003,0.000
706003,0.000
707003,0.000
708003,0.000
709003,0.000
710003,0.000
711003,0.000
712003,0.000
713003,0.000
714003,0.000
715003,0.000
716003,0.000
717003,0.000
718003,0.000
719003,0.000
720003,0.000
721003,0.000
722003,0.000
723003,0.000
724003,0.000
725003,0.000
726003,0.000
727003,0.000
728003,0.000
729003,0.000
730003,0.000
731003,0.000
732003,0.000
733003,0.000
734003,0.000
735003,0.000
736003,0.000
737003,0.000
738003,0.000
739003,0.000
740003,0.000
741003,0.000
742003,0.000
743003,0.000
744003,0.000
745003,0.000
746003,0.000
747003,0.000
748003,0.000
749003,0.000
750003,0.000
751003,0.000
752003,0.000
753003,0.000
754003,0.000
755003,0.000
756003,0.000
757003,0.000
758003,0.000
759003,0.000
760003,0.000
761003,0.000
762003,0.000
763003,0.000
764003,0.000
765003,0.000
766003,0.000
767003,0.000
768003,0.000
769003,0.000
770003,0.000
771003,0.000
772003,0.000
773003,0.000
774003,0.000
775003,0.000
776003,0.000
777003,0.000
778003,0.000
779003,0.000
780003,0.000
781003,0.000
782003,0.000
783003,0.000
784003,0.000
785003,0.000
786003,0.000
787003,0.000
788003,0.000
789003,0.000
790003,0.000
791003,0.000
792003,0.000
793003,0.000
794003,0.000
795003,0.000
796003,0.000
797003,0.000
798003,0.000
799003,0.000
800003,0.000
801003,0.000
802003,0.000
803003,0.000
804003,0.000
805003,0.000
806003,0.000
807003,0.000
808003,0.000
809003,0.000
810003,0.000
811003,0.000
812003,0.000
813003,0.000
814003,0.000
815003,0.000
816003,0.000
817003,0.000
818003,0.000
819003,0.000
820003,0.000
821003,0.000
822003,0.000
823003,0.000
824003,0.000
825003,0.000
826003,0.000
827003,0.000
828003,0.000
829003,0.000
830003,0.000
831003,0.000
832003,0.000
833003,0.000
834003,0.000
835003,0.000
836003,0.000
837003,0.000
838003,0.000
839003,0.000
840003,0.000
841003,0.000
842003,0.000
843003,0.000
844003,0.000
845003,0.000
846003,0.000
847003,0.000
848003,0.000
849003,0.000
850003,0.000
851003,0.000
852003,0.000
853003,0.000
854003,0.000
855003,0.000
856003,0.000
857003,0.000
858003,0.000
859003,0.000
860003,0.000
861003,0.000
862003,0.000
863003,0.000
864003,0.000
865003,0.000
866003,0.000
867003,0.000
868003,0.000
869003,0.000
870003,0.000
871003,0.000
872003,0.000
873003,0.000
874003,0.000
875003,0.000
876003,0.000
877003,0.000
878003,0.000
879003,0.000
880003,0.000
881003,0.000
882003,0.000
883003,0.000
884003,0.000
885003,0.000
886003,0.000
887003,0.000
888003,0.000
889003,0.000
890003,0.000
891003,0.000
892003,0.000
893003,0.000
894003,0.000
895003,0.000
896003,0.000
897003,0.000
898003,0.000
899003,0.000
900003,0.000
901003,0.000
902003,0.000
903003,0.000
904003,0.000
905003,0.000
906003,0.000
907003,0.000
908003,0.000
909003,0.000
910003,0.000
911003,0.000
912003,0.000
913003,0.000
914003,0.000
915003,0.000
916003,0.000
917003,0.000
918003,0.000
919003,0.000
920003,0.000
921003,0.000
922003,0.000
923003,0.000
924003,0.000
925003,0.000
926003,0.000
927003,0.000
928003,0.000
929003,0.000
930003,0.000
931003,0.000
932003,0.000
932381,0.000
933381,0.000
934381,0.000
935381,0.000
936381,0.000
937381,0.000
938381,0.000
939381,0.000
940381,0.000
941381,0.000
942381,0.000
943381,0.000
944381,0.000
945381,0.000
946381,0.000
947381,0.000
948381,0.000
949381,0.000
950381,0.000
951381,0.000
952381,0.000
953381,0.000
954381,0.000
955381,0.000
956381,0.000
957381,0.000
958381,0.000
959381,0.000
960381,0.000
961381,0.000


=== config.csv ===
File not found

=== log.txt ===
[50015] [HB] up=50s wifi=254 ap=0 net=1 ws=1 heap=210632
[54717] Updating Relays: 0xF1
[57716] Updating Relays: 0xF5
[58716] Updating Relays: 0xFD
[60025] [HB] up=60s wifi=254 ap=0 net=1 ws=1 heap=206012
[68018] Updating Relays: 0x8D
[70025] [HB] up=70s wifi=254 ap=0 net=1 ws=1 heap=206012
[73716] Updating Relays: 0x85
[74716] Updating Relays: 0x80
[76716] Updating Relays: 0x82
[76717] Updating Relays: 0x81
[76717] Predict: dt=15.00s dist=0.38m pitch=-1.22° hdg=-90.5°
[79716] Updating Relays: 0x85
[80025] [HB] up=80s wifi=254 ap=0 net=1 ws=1 heap=206308
[80716] Updating Relays: 0x8D
[90025] [HB] up=90s wifi=254 ap=0 net=1 ws=1 heap=210152
[95716] Updating Relays: 0x85
[96716] Updating Relays: 0x80
[98716] Updating Relays: 0x82
[98717] Updating Relays: 0x81
[98717] Predict: dt=15.00s dist=0.76m pitch=-1.22° hdg=-91.0°
[100035] [HB] up=100s wifi=254 ap=0 net=1 ws=1 heap=210412
[101716] Updating Relays: 0x85
[102716] Updating Relays: 0x8D
[110035] [HB] up=110s wifi=254 ap=0 net=1 ws=1 heap=211208
[117716] Updating Relays: 0x85
[118716] Updating Relays: 0x80
[120035] [HB] up=120s wifi=254 ap=0 net=1 ws=1 heap=211208
[120716] Updating Relays: 0x82
[120717] Updating Relays: 0x81
[120717] Predict: dt=15.00s dist=1.14m pitch=-1.06° hdg=-91.6°
[123716] Updating Relays: 0x85
[124716] Updating Relays: 0x8D
[130038] [HB] up=130s wifi=254 ap=0 net=1 ws=1 heap=206288
[139716] Updating Relays: 0x85
[140038] [HB] up=140s wifi=254 ap=0 net=1 ws=1 heap=211188
[140716] Updating Relays: 0x80
[142716] Updating Relays: 0x82
[142717] Updating Relays: 0x81
[142717] Predict: dt=15.00s dist=1.52m pitch=-1.12° hdg=-92.1°
[145716] Updating Relays: 0x85
[146716] Updating Relays: 0x8D
[150038] [HB] up=150s wifi=254 ap=0 net=1 ws=1 heap=210396
[160041] [HB] up=160s wifi=254 ap=0 net=1 ws=1 heap=211188
[161716] Updating Relays: 0x85
[162716] Updating Relays: 0x80
[164716] Updating Relays: 0x82
[164717] Updating Relays: 0x81
[164717] Predict: dt=15.00s dist=1.91m pitch=-1.19° hdg=-92.6°
[167716] Updating Relays: 0x85
[168716] Updating Relays: 0x8D
[170051] [HB] up=170s wifi=254 ap=0 net=1 ws=1 heap=211188
[171710] [Config] Updated via API (reboot=yes)
[180054] [HB] up=180s wifi=254 ap=0 net=1 ws=1 heap=211188
[183716] Updating Relays: 0x95
[184716] Updating Relays: 0x90
[186716] Updating Relays: 0x92
[186717] Updating Relays: 0x91
[186717] Predict: dt=15.00s dist=2.29m pitch=-1.03° hdg=-93.1°
[189716] Updating Relays: 0x95
[190054] [HB] up=190s wifi=254 ap=0 net=1 ws=1 heap=211188
[190716] Updating Relays: 0x9D
[200054] [HB] up=200s wifi=254 ap=0 net=1 ws=1 heap=211188
[200568] Broadcast bore path: 6 pts, 2.08m, 490 bytes
[205716] Updating Relays: 0x95
[206716] Updating Relays: 0x90
[208716] Updating Relays: 0x92
[208717] Updating Relays: 0x91
[208717] Predict: dt=15.00s dist=2.31m pitch=-0.18° hdg=-103.5°
[210054] [HB] up=210s wifi=254 ap=0 net=1 ws=1 heap=211052
[211716] Updating Relays: 0x95
[212716] Updating Relays: 0x9D
[219495] Updating Relays: 0xFD
[219692] Updating Relays: 0x6D
[220054] [HB] up=220s wifi=254 ap=0 net=1 ws=1 heap=211052
[227716] Updating Relays: 0x65
[228716] Updating Relays: 0x60
[230054] [HB] up=230s wifi=254 ap=0 net=1 ws=1 heap=211052
[230716] Updating Relays: 0x62
[230717] Updating Relays: 0x61
[230717] Predict: dt=15.00s dist=2.54m pitch=-0.32° hdg=-103.2°
[233716] Updating Relays: 0x65
[234716] Updating Relays: 0x6D
[240054] [HB] up=240s wifi=254 ap=0 net=1 ws=1 heap=211052
[249716] Updating Relays: 0x65
[250056] [HB] up=250s wifi=254 ap=0 net=1 ws=1 heap=211048
[250716] Updating Relays: 0x60
[252716] Updating Relays: 0x62
[252717] Updating Relays: 0x61
[252717] Predict: dt=15.00s dist=2.78m pitch=-0.23° hdg=-102.9°
[255716] Updating Relays: 0x65
[256716] Updating Relays: 0x6D
[260056] [HB] up=260s wifi=254 ap=0 net=1 ws=1 heap=211048
[270056] [HB] up=270s wifi=254 ap=0 net=1 ws=1 heap=211048
[271716] Updating Relays: 0x65
[272716] Updating Relays: 0x60
[274716] Updating Relays: 0x62
[274717] Updating Relays: 0x61
[274717] Predict: dt=15.00s dist=3.01m pitch=-2.14° hdg=-102.5°
[277716] Updating Relays: 0x65
[278716] Updating Relays: 0x6D
[280056] [HB] up=280s wifi=254 ap=0 net=1 ws=1 heap=211048
[290056] [HB] up=290s wifi=254 ap=0 net=1 ws=1 heap=211048
[293716] Updating Relays: 0x65
[294716] Updating Relays: 0x60
[296716] Updating Relays: 0x62
[296717] Updating Relays: 0x61
[296717] Predict: dt=15.00s dist=3.24m pitch=-2.72° hdg=-102.0°
[299716] Updating Relays: 0x65
[300056] [HB] up=300s wifi=254 ap=0 net=1 ws=1 heap=211048
[300716] Updating Relays: 0x6D
[310056] [HB] up=310s wifi=254 ap=0 net=1 ws=1 heap=211048
[315716] Updating Relays: 0x65
[315740] Updating Relays: 0xC5
[316716] Updating Relays: 0xC0
[318716] Updating Relays: 0xC2
[318717] Updating Relays: 0xC1
[318717] Predict: dt=15.00s dist=3.47m pitch=-9.44° hdg=-101.7°
[320056] [HB] up=320s wifi=254 ap=0 net=1 ws=1 heap=211048
[321716] Updating Relays: 0xC5
[322716] Updating Relays: 0xCD
[330056] [HB] up=330s wifi=254 ap=0 net=1 ws=1 heap=211048
[337716] Updating Relays: 0xC5
[338716] Updating Relays: 0x65
[338717] Updating Relays: 0x60
[340056] [HB] up=340s wifi=254 ap=0 net=1 ws=1 heap=210220
[340716] Updating Relays: 0x62
[340717] Updating Relays: 0x61
[340717] Predict: dt=15.00s dist=3.71m pitch=-10.65° hdg=-101.3°
[343716] Updating Relays: 0x65
[344716] Updating Relays: 0x6D
[350056] [HB] up=350s wifi=254 ap=0 net=1 ws=1 heap=211048
[359716] Updating Relays: 0x65
[360056] [HB] up=360s wifi=254 ap=0 net=1 ws=1 heap=211048
[360716] Updating Relays: 0x60
[362716] Updating Relays: 0x62
[362717] Updating Relays: 0x61
[362717] Predict: dt=15.00s dist=3.94m pitch=-2.21° hdg=-101.0°
[365716] Updating Relays: 0x65
[366716] Updating Relays: 0x6D
[370058] [HB] up=370s wifi=254 ap=0 net=1 ws=1 heap=210220
[380058] [HB] up=380s wifi=254 ap=0 net=1 ws=1 heap=211048
[381716] Updating Relays: 0x65
[382716] Updating Relays: 0x60
[384716] Updating Relays: 0x62
[384717] Updating Relays: 0x61
[384717] Predict: dt=15.00s dist=4.17m pitch=5.48° hdg=-100.7°
[384718] Updating Relays: 0x31
[387716] Updating Relays: 0x35
[388716] Updating Relays: 0x3D
[390058] [HB] up=390s wifi=254 ap=0 net=1 ws=1 heap=211048
[400058] [HB] up=400s wifi=254 ap=0 net=1 ws=1 heap=211048
[403716] Updating Relays: 0x35
[404716] Updating Relays: 0x30
[406716] Updating Relays: 0x32
[406717] Updating Relays: 0x31
[406717] Predict: dt=15.00s dist=4.40m pitch=6.08° hdg=-100.1°
[409716] Updating Relays: 0x35
[410058] [HB] up=410s wifi=254 ap=0 net=1 ws=1 heap=211048
[410716] Updating Relays: 0x3D
[420058] [HB] up=420s wifi=254 ap=0 net=1 ws=1 heap=211048
[425716] Updating Relays: 0x35
[426716] Updating Relays: 0x30
[428716] Updating Relays: 0x32
[428717] Updating Relays: 0x31
[428717] Predict: dt=15.00s dist=4.63m pitch=5.89° hdg=-99.5°
[430058] [HB] up=430s wifi=254 ap=0 net=1 ws=1 heap=211048
[431716] Updating Relays: 0x35
[432716] Updating Relays: 0x3D
[440058] [HB] up=440s wifi=254 ap=0 net=1 ws=1 heap=211048
[447716] Updating Relays: 0x35
[448716] Updating Relays: 0x30
[450058] [HB] up=450s wifi=254 ap=0 net=1 ws=1 heap=211048
[450716] Updating Relays: 0x32
[450717] Updating Relays: 0x31
[450717] Predict: dt=15.00s dist=4.87m pitch=-1.45° hdg=-98.9°
[453716] Updating Relays: 0x35
[454716] Updating Relays: 0x3D
[460058] [HB] up=460s wifi=254 ap=0 net=1 ws=1 heap=211048
[469716] Updating Relays: 0x35
[470058] [HB] up=470s wifi=254 ap=0 net=1 ws=1 heap=211048
[470716] Updating Relays: 0x30
[472716] Updating Relays: 0x32
[472717] Updating Relays: 0x31
[472717] Predict: dt=15.00s dist=5.10m pitch=-5.76° hdg=-98.2°
[475716] Updating Relays: 0x35
[476716] Updating Relays: 0x3D
[480058] [HB] up=480s wifi=254 ap=0 net=1 ws=1 heap=211048
[490060] [HB] up=490s wifi=254 ap=0 net=1 ws=1 heap=211048
[491716] Updating Relays: 0x35
[492716] Updating Relays: 0x30
[494716] Updating Relays: 0x32
[494717] Updating Relays: 0x31
[494717] Predict: dt=15.00s dist=5.33m pitch=-20.17° hdg=-98.2°
[494718] Updating Relays: 0x61
[497716] Updating Relays: 0x65
[498716] Updating Relays: 0x6D
[500060] [HB] up=500s wifi=254 ap=0 net=1 ws=1 heap=211048
[510060] [HB] up=510s wifi=254 ap=0 net=1 ws=1 heap=211048
[513716] Updating Relays: 0x65
[514716] Updating Relays: 0x60
[516716] Updating Relays: 0x62
[516717] Updating Relays: 0x61
[516717] Predict: dt=15.00s dist=5.56m pitch=-15.49° hdg=-98.2°
[519716] Updating Relays: 0x65
[520060] [HB] up=520s wifi=254 ap=0 net=1 ws=1 heap=211048
[520716] Updating Relays: 0x6D
[525914] Broadcast bore path: 21 pts, 5.47m, 877 bytes
[530060] [HB] up=530s wifi=254 ap=0 net=1 ws=1 heap=211048
[535716] Updating Relays: 0x65
[536716] Updating Relays: 0x60
[538716] Updating Relays: 0x62
[538717] Updating Relays: 0x61
[538717] Predict: dt=15.00s dist=5.64m pitch=-16.68° hdg=-95.2°
[540060] [HB] up=540s wifi=254 ap=0 net=1 ws=1 heap=211048
[541716] Updating Relays: 0x65
[542716] Updating Relays: 0x6D
[550060] [HB] up=550s wifi=254 ap=0 net=1 ws=1 heap=210220
[557716] Updating Relays: 0x65
[558716] Updating Relays: 0x60
[560060] [HB] up=560s wifi=254 ap=0 net=1 ws=1 heap=211048
[560716] Updating Relays: 0x62
[560717] Updating Relays: 0x61
[560717] Predict: dt=15.00s dist=5.82m pitch=-15.42° hdg=-95.2°
[563716] Updating Relays: 0x65
[564716] Updating Relays: 0x6D
[570060] [HB] up=570s wifi=254 ap=0 net=1 ws=1 heap=211048
[579716] Updating Relays: 0x65
[580060] [HB] up=580s wifi=254 ap=0 net=1 ws=1 heap=211048
[580716] Updating Relays: 0x60
[582716] Updating Relays: 0x62
[582717] Updating Relays: 0x61
[582717] Predict: dt=15.00s dist=5.99m pitch=-15.52° hdg=-95.2°
[585716] Updating Relays: 0x65
[586716] Updating Relays: 0x6D
[590060] [HB] up=590s wifi=254 ap=0 net=1 ws=1 heap=211048
[600060] [HB] up=600s wifi=254 ap=0 net=1 ws=1 heap=211048
[601716] Updating Relays: 0x65
[602716] Updating Relays: 0x60
[604716] Updating Relays: 0x62
[604717] Updating Relays: 0x61
[604717] Predict: dt=15.00s dist=6.17m pitch=-3.31° hdg=-95.2°
[607716] Updating Relays: 0x65
[608716] Updating Relays: 0x6D
[610062] [HB] up=610s wifi=254 ap=0 net=1 ws=1 heap=211048
[620062] [HB] up=620s wifi=254 ap=0 net=1 ws=1 heap=211048
[623716] Updating Relays: 0x65
[624716] Updating Relays: 0x60
[626716] Updating Relays: 0x62
[626717] Updating Relays: 0x61
[626717] Predict: dt=15.00s dist=6.34m pitch=-2.22° hdg=-95.2°
[629716] Updating Relays: 0x65
[630062] [HB] up=630s wifi=254 ap=0 net=1 ws=1 heap=211048
[630716] Updating Relays: 0x6D
[640062] [HB] up=640s wifi=254 ap=0 net=1 ws=1 heap=211048
[645716] Updating Relays: 0x65
[646716] Updating Relays: 0x60
[648716] Updating Relays: 0x62
[648717] Updating Relays: 0x61
[648717] Predict: dt=15.00s dist=6.52m pitch=-2.14° hdg=-95.2°
[650062] [HB] up=650s wifi=254 ap=0 net=1 ws=1 heap=211048
[651716] Updating Relays: 0x65
[652716] Updating Relays: 0x6D
[660062] [HB] up=660s wifi=254 ap=0 net=1 ws=1 heap=211048
[667716] Updating Relays: 0x65
[668716] Updating Relays: 0x60
[670062] [HB] up=670s wifi=254 ap=0 net=1 ws=1 heap=211048
[670716] Updating Relays: 0x62
[670717] Updating Relays: 0x61
[670717] Predict: dt=15.00s dist=6.69m pitch=-2.29° hdg=-95.2°
[673716] Updating Relays: 0x65
[674716] Updating Relays: 0x6D
[680062] [HB] up=680s wifi=254 ap=0 net=1 ws=1 heap=211048
[689716] Updating Relays: 0x65
[690062] [HB] up=690s wifi=254 ap=0 net=1 ws=1 heap=211048
[690716] Updating Relays: 0x60
[692716] Updating Relays: 0x62
[692717] Updating Relays: 0x61
[692717] Predict: dt=15.00s dist=6.87m pitch=-2.01° hdg=-95.1°
[695716] Updating Relays: 0x65
[696716] Updating Relays: 0x6D
[700062] [HB] up=700s wifi=254 ap=0 net=1 ws=1 heap=211048
[710062] [HB] up=710s wifi=254 ap=0 net=1 ws=1 heap=211048
[711716] Updating Relays: 0x65
[712716] Updating Relays: 0x60
[714716] Updating Relays: 0x62
[714717] Updating Relays: 0x61
[714717] Predict: dt=15.00s dist=7.04m pitch=-2.18° hdg=-95.1°
[717716] Updating Relays: 0x65
[718716] Updating Relays: 0x6D
[720062] [HB] up=720s wifi=254 ap=0 net=1 ws=1 heap=211048
[721694] Broadcast bore path: 30 pts, 6.83m, 1176 bytes
[730064] [HB] up=730s wifi=254 ap=0 net=1 ws=1 heap=211048
[733716] Updating Relays: 0x65
[734716] Updating Relays: 0x60
[736716] Updating Relays: 0x62
[736717] Updating Relays: 0x61
[736717] Predict: dt=15.00s dist=7.00m pitch=-5.48° hdg=-80.1°
[739716] Updating Relays: 0x65
[740064] [HB] up=740s wifi=254 ap=0 net=1 ws=1 heap=211048
[740716] Updating Relays: 0x6D
[750064] [HB] up=750s wifi=254 ap=0 net=1 ws=1 heap=211048
[755716] Updating Relays: 0x65
[756716] Updating Relays: 0x60
[758716] Updating Relays: 0x62
[758717] Updating Relays: 0x61
[758717] Predict: dt=15.00s dist=7.16m pitch=-2.60° hdg=-79.6°
[760064] [HB] up=760s wifi=254 ap=0 net=1 ws=1 heap=211048
[761716] Updating Relays: 0x65
[762716] Updating Relays: 0x6D
[762859] Broadcast bore path: 32 pts, 7.61m, 1299 bytes
[770065] [HB] up=770s wifi=254 ap=0 net=1 ws=1 heap=210220
[777716] Updating Relays: 0x65
[778716] Updating Relays: 0x60
[780065] [HB] up=780s wifi=254 ap=0 net=1 ws=1 heap=211048
[780716] Updating Relays: 0x62
[780717] Updating Relays: 0x61
[780717] Predict: dt=15.00s dist=7.81m pitch=-2.50° hdg=-129.4°
[783716] Updating Relays: 0x65
[784716] Updating Relays: 0x6D
[790065] [HB] up=790s wifi=254 ap=0 net=1 ws=1 heap=211048
[799716] Updating Relays: 0x65
[800065] [HB] up=800s wifi=254 ap=0 net=1 ws=1 heap=211048
[800716] Updating Relays: 0x60
[802716] Updating Relays: 0x62
[802717] Updating Relays: 0x61
[802717] Predict: dt=15.00s dist=8.00m pitch=-1.70° hdg=-131.6°
[805716] Updating Relays: 0x65
[806716] Updating Relays: 0x6D
[810065] [HB] up=810s wifi=254 ap=0 net=1 ws=1 heap=211048
[820065] [HB] up=820s wifi=254 ap=0 net=1 ws=1 heap=211048
[821716] Updating Relays: 0x65
[822716] Updating Relays: 0x60
[823989] Broadcast bore path: 34 pts, 8.18m, 1466 bytes
[824716] Updating Relays: 0x62
[824717] Updating Relays: 0x61
[824717] Predict: dt=15.00s dist=8.39m pitch=-0.20° hdg=-67.4°
[827716] Updating Relays: 0x65
[828716] Updating Relays: 0x6D
[830065] [HB] up=830s wifi=254 ap=0 net=1 ws=1 heap=211048
[840065] [HB] up=840s wifi=254 ap=0 net=1 ws=1 heap=211048
[843716] Updating Relays: 0x65
[844716] Updating Relays: 0x60
[846716] Updating Relays: 0x62
[846717] Updating Relays: 0x61
[846717] Predict: dt=15.00s dist=8.60m pitch=-1.54° hdg=-64.1°
[849716] Updating Relays: 0x65
[850067] [HB] up=850s wifi=254 ap=0 net=1 ws=1 heap=211048
[850716] Updating Relays: 0x6D
[860067] [HB] up=860s wifi=254 ap=0 net=1 ws=1 heap=211048
[865716] Updating Relays: 0x65
[866716] Updating Relays: 0x60
[868716] Updating Relays: 0x62
[868717] Updating Relays: 0x61
[868717] Predict: dt=15.00s dist=8.80m pitch=-1.14° hdg=-61.1°
[870067] [HB] up=870s wifi=254 ap=0 net=1 ws=1 heap=211048
[871716] Updating Relays: 0x65
[872716] Updating Relays: 0x6D
[880067] [HB] up=880s wifi=254 ap=0 net=1 ws=1 heap=211048
[882909] Updating Relays: 0x3D
[884630] Updating Relays: 0x6D
[887716] Updating Relays: 0x65
[888716] Updating Relays: 0x60
[890067] [HB] up=890s wifi=254 ap=0 net=1 ws=1 heap=211048
[890716] Updating Relays: 0x62
[890717] Updating Relays: 0x61
[890717] Predict: dt=15.00s dist=9.01m pitch=-1.44° hdg=-57.9°
[893716] Updating Relays: 0x65
[894716] Updating Relays: 0x6D
[900067] [HB] up=900s wifi=254 ap=0 net=1 ws=1 heap=211048
[906909] Updating Relays: 0x3D
[909716] Updating Relays: 0x35
[910067] [HB] up=910s wifi=254 ap=0 net=1 ws=1 heap=211048
[910716] Updating Relays: 0x30
[912716] Updating Relays: 0x32
[912717] Updating Relays: 0x31
[912717] Predict: dt=15.00s dist=9.22m pitch=-1.49° hdg=-54.6°
[915716] Updating Relays: 0x35
[916716] Updating Relays: 0x3D
[920067] [HB] up=920s wifi=254 ap=0 net=1 ws=1 heap=211048
[930067] [HB] up=930s wifi=254 ap=0 net=1 ws=1 heap=211048
[931716] Updating Relays: 0x35
[932716] Updating Relays: 0x30
[934716] Updating Relays: 0x32
[934717] Updating Relays: 0x31
[934717] Predict: dt=15.00s dist=9.43m pitch=-1.66° hdg=-51.3°
[937716] Updating Relays: 0x35
[938716] Updating Relays: 0x3D
[940067] [HB] up=940s wifi=254 ap=0 net=1 ws=1 heap=211048
[945533] Updating Relays: 0x30
[945534] Predict: dt=6.82s dist=9.52m pitch=-1.87° hdg=-49.9°
[950067] [HB] up=950s wifi=254 ap=0 net=1 ws=1 heap=211048
[960067] [HB] up=960s wifi=254 ap=0 net=1 ws=1 heap=211048
[970069] [HB] up=970s wifi=254 ap=0 net=1 ws=1 heap=211048
[980069] [HB] up=980s wifi=254 ap=0 net=1 ws=1 heap=211048
[981205] bore ended
[1020318] bore resumed
[1020076] [HB] up=1020s wifi=254 ap=0 net=1 ws=1 heap=210848
[1020155] Client #2 auto-assigned as controller
[1020320] Bore resumed: bore-20260320-185533 (dist=9.29m, 40 pts)
[1020385] Broadcast bore path: 40 pts, 9.29m, 1554 bytes
[1024325] Updating Relays: 0x31
[1026280] Updating Relays: 0xF1
[1027325] Updating Relays: 0xF5
[1028325] Updating Relays: 0xFD
[1030076] [HB] up=1030s wifi=254 ap=0 net=1 ws=1 heap=210628
[1040076] [HB] up=1040s wifi=254 ap=0 net=1 ws=1 heap=210628
[1043325] Updating Relays: 0xF5
[1044325] Updating Relays: 0xF0
[1046325] Updating Relays: 0xF2
[1046326] Updating Relays: 0xF1
[1046326] Predict: dt=15.00s dist=9.50m pitch=-2.37° hdg=-47.1°
[1049325] Updating Relays: 0xF5


